5.953515625000000000e+01
1.237265625000000000e+02
6.054296875000000000e+01
1.423203125000000000e+02
6.356640625000000000e+01
1.609140625000000000e+02
6.961328125000000000e+01
1.781796875000000000e+02
8.069921875000000000e+01
1.927890625000000000e+02
9.279296875000000000e+01
2.034140625000000000e+02
1.048867187500000000e+02
2.153671875000000000e+02
1.200039062500000000e+02
2.206796875000000000e+02
1.361289062500000000e+02
2.206796875000000000e+02
1.482226562500000000e+02
2.166953125000000000e+02
1.583007812500000000e+02
2.047421875000000000e+02
1.673710937500000000e+02
1.914609375000000000e+02
1.744257812500000000e+02
1.755234375000000000e+02
1.794648437500000000e+02
1.595859375000000000e+02
1.804726562500000000e+02
1.436484375000000000e+02
1.804726562500000000e+02
1.250546875000000000e+02
1.804726562500000000e+02
1.091171875000000000e+02
7.062109375000000000e+01
1.091171875000000000e+02
7.918750000000000000e+01
1.024765625000000000e+02
8.926562500000000000e+01
1.011484375000000000e+02
9.984765625000000000e+01
1.004843750000000000e+02
1.109335937500000000e+02
1.011484375000000000e+02
1.426796875000000000e+02
9.915625000000000000e+01
1.517500000000000000e+02
9.650000000000000000e+01
1.603164062500000000e+02
9.583593750000000000e+01
1.688828125000000000e+02
9.517187500000000000e+01
1.774492187500000000e+02
1.011484375000000000e+02
1.300820312500000000e+02
1.223984375000000000e+02
1.310898437500000000e+02
1.356796875000000000e+02
1.320976562500000000e+02
1.489609375000000000e+02
1.331054687500000000e+02
1.635703125000000000e+02
1.169804687500000000e+02
1.688828125000000000e+02
1.250429687500000000e+02
1.688828125000000000e+02
1.331054687500000000e+02
1.702109375000000000e+02
1.401601562500000000e+02
1.675546875000000000e+02
1.482226562500000000e+02
1.662265625000000000e+02
8.573828125000000000e+01
1.237265625000000000e+02
9.077734375000000000e+01
1.210703125000000000e+02
1.048867187500000000e+02
1.184140625000000000e+02
1.089179687500000000e+02
1.250546875000000000e+02
1.038789062500000000e+02
1.277109375000000000e+02
9.077734375000000000e+01
1.277109375000000000e+02
1.462070312500000000e+02
1.210703125000000000e+02
1.502382812500000000e+02
1.144296875000000000e+02
1.623320312500000000e+02
1.131015625000000000e+02
1.673710937500000000e+02
1.170859375000000000e+02
1.633398437500000000e+02
1.210703125000000000e+02
1.522539062500000000e+02
1.237265625000000000e+02
1.099257812500000000e+02
1.901328125000000000e+02
1.189960937500000000e+02
1.874765625000000000e+02
1.300820312500000000e+02
1.848203125000000000e+02
1.341132812500000000e+02
1.848203125000000000e+02
1.381445312500000000e+02
1.834921875000000000e+02
1.462070312500000000e+02
1.834921875000000000e+02
1.542695312500000000e+02
1.848203125000000000e+02
1.492304687500000000e+02
1.927890625000000000e+02
1.431835937500000000e+02
1.994296875000000000e+02
1.351210937500000000e+02
2.034140625000000000e+02
1.250429687500000000e+02
2.020859375000000000e+02
1.169804687500000000e+02
1.967734375000000000e+02
1.109335937500000000e+02
1.901328125000000000e+02
1.220195312500000000e+02
1.914609375000000000e+02
1.341132812500000000e+02
1.914609375000000000e+02
1.441914062500000000e+02
1.888046875000000000e+02
1.532617187500000000e+02
1.861484375000000000e+02
1.441914062500000000e+02
1.901328125000000000e+02
1.341132812500000000e+02
1.927890625000000000e+02
1.220195312500000000e+02
1.927890625000000000e+02
