6.006250000000000000e+01
1.203632812500000000e+02
6.006250000000000000e+01
1.441523437500000000e+02
6.118750000000000000e+01
1.663554687500000000e+02
6.456250000000000000e+01
1.869726562500000000e+02
7.243750000000000000e+01
2.028320312500000000e+02
8.368750000000000000e+01
2.155195312500000000e+02
9.606250000000000000e+01
2.234492187500000000e+02
1.140625000000000000e+02
2.250351562500000000e+02
1.298125000000000000e+02
2.250351562500000000e+02
1.466875000000000000e+02
2.250351562500000000e+02
1.624375000000000000e+02
2.218632812500000000e+02
1.748125000000000000e+02
2.123476562500000000e+02
1.849375000000000000e+02
2.028320312500000000e+02
1.939375000000000000e+02
1.838007812500000000e+02
1.950625000000000000e+02
1.615976562500000000e+02
1.950625000000000000e+02
1.425664062500000000e+02
1.950625000000000000e+02
1.171914062500000000e+02
7.018750000000000000e+01
1.029179687500000000e+02
8.031250000000000000e+01
9.498828125000000000e+01
9.043750000000000000e+01
9.498828125000000000e+01
1.016875000000000000e+02
9.816015625000000000e+01
1.118125000000000000e+02
1.029179687500000000e+02
1.444375000000000000e+02
1.021250000000000000e+02
1.545625000000000000e+02
9.736718750000000000e+01
1.658125000000000000e+02
9.419531250000000000e+01
1.765000000000000000e+02
9.340234375000000000e+01
1.860625000000000000e+02
9.974609375000000000e+01
1.275625000000000000e+02
1.203632812500000000e+02
1.275625000000000000e+02
1.330507812500000000e+02
1.275625000000000000e+02
1.457382812500000000e+02
1.275625000000000000e+02
1.568398437500000000e+02
1.106875000000000000e+02
1.679414062500000000e+02
1.185625000000000000e+02
1.695273437500000000e+02
1.275625000000000000e+02
1.711132812500000000e+02
1.354375000000000000e+02
1.695273437500000000e+02
1.444375000000000000e+02
1.679414062500000000e+02
8.368750000000000000e+01
1.187773437500000000e+02
8.931250000000000000e+01
1.156054687500000000e+02
1.039375000000000000e+02
1.171914062500000000e+02
1.084375000000000000e+02
1.251210937500000000e+02
1.028125000000000000e+02
1.267070312500000000e+02
8.931250000000000000e+01
1.235351562500000000e+02
1.466875000000000000e+02
1.235351562500000000e+02
1.523125000000000000e+02
1.171914062500000000e+02
1.658125000000000000e+02
1.156054687500000000e+02
1.725625000000000000e+02
1.187773437500000000e+02
1.669375000000000000e+02
1.235351562500000000e+02
1.534375000000000000e+02
1.251210937500000000e+02
1.005625000000000000e+02
1.901445312500000000e+02
1.118125000000000000e+02
1.869726562500000000e+02
1.230625000000000000e+02
1.853867187500000000e+02
1.275625000000000000e+02
1.853867187500000000e+02
1.320625000000000000e+02
1.853867187500000000e+02
1.444375000000000000e+02
1.869726562500000000e+02
1.545625000000000000e+02
1.885585937500000000e+02
1.478125000000000000e+02
1.964882812500000000e+02
1.388125000000000000e+02
2.028320312500000000e+02
1.286875000000000000e+02
2.044179687500000000e+02
1.174375000000000000e+02
2.028320312500000000e+02
1.084375000000000000e+02
1.964882812500000000e+02
1.016875000000000000e+02
1.901445312500000000e+02
1.140625000000000000e+02
1.917304687500000000e+02
1.275625000000000000e+02
1.933164062500000000e+02
1.410625000000000000e+02
1.917304687500000000e+02
1.534375000000000000e+02
1.901445312500000000e+02
1.410625000000000000e+02
1.917304687500000000e+02
1.286875000000000000e+02
1.933164062500000000e+02
1.140625000000000000e+02
1.933164062500000000e+02
